84 84
899 210 821 450 506 766 389 470 425 273 875 919 151 867 430 236 998 163 673 762 816 826 562 367 364 557 150 444 184 639 179 1000 825 814 245 994 281 767 909 215 96 132 687 461 766 397 67 975 968 365 351 98 793 798 979 303 51 911 933 403 190 613 781 115 8 344 35 171 973 640 248 585 41 799 499 358 564 241 173 245 230 97 215 87
419 389 762 702 904 485 110 240 135 272 368 230 871 953 462 358 880 688 613 149 285 235 925 881 386 606 314 839 528 784 183 624 503 904 958 74 348 360 635 364 523 905 962 233 247 335 630 664 319 911 428 595 955 174 718 576 792 164 972 437 551 625 544 575 877 38 137 748 215 695 987 151 812 31 269 596 607 733 475 476 101 6 332 963
356 898 927 953 669 211 378 606 91 668 419 538 860 951 242 243 280 658 782 248 783 26 511 678 368 696 533 145 592 595 415 181 199 767 430 29 929 276 211 732 579 970 222 386 101 732 737 129 423 34 932 809 943 267 826 192 514 90 172 526 416 465 212 761 69 915 709 556 205 511 65 853 624 202 739 959 967 395 534 629 702 613 485 184
354 753 101 970 740 90 824 212 758 325 243 102 190 328 74 21 225 66 587 362 242 276 352 368 387 351 761 86 42 501 785 534 104 948 904 732 615 881 521 299 522 121 244 725 729 998 671 954 668 951 569 539 320 953 743 159 544 5 226 429 550 114 9 683 770 477 19 550 346 261 895 851 403 652 632 270 958 763 243 313 311 405 19 479
386 768 727 450 415 623 722 242 200 179 467 494 255 658 446 848 86 808 643 436 889 182 805 961 327 473 366 563 881 829 929 472 681 337 648 26 463 700 255 692 144 968 232 337 953 742 633 937 322 642 59 893 958 440 148 445 921 55 680 440 435 318 739 852 245 52 986 943 481 660 50 605 407 65 49 10 509 902 780 250 487 961 272 263
911 9 190 956 471 518 193 416 516 360 337 380 597 922 517 528 213 552 12 851 421 831 420 122 902 476 767 571 884 743 243 90 775 705 745 308 879 877 977 394 461 675 595 632 130 658 385 311 498 191 27 263 25 241 987 249 593 495 154 572 994 44 762 422 132 505 775 510 385 460 936 623 398 840 833 72 107 125 566 322 129 481 201 489
468 511 684 935 305 919 22 509 169 230 991 275 54 848 990 386 478 443 342 248 174 198 356 51 737 426 332 98 761 327 316 761 101 706 817 763 316 405 897 525 936 911 385 936 174 30 552 879 678 11 763 218 198 717 378 507 868 513 859 911 235 24 678 502 453 665 521 751 162 768 220 885 928 847 232 663 612 884 835 55 752 659 135 456
901 62 637 262 451 114 851 769 950 564 501 954 227 540 763 721 172 984 952 973 952 268 955 982 47 793 433 632 572 963 458 617 740 56 779 493 614 270 381 183 331 868 451 475 232 563 577 698 162 30 731 525 993 256 276 622 648 445 617 379 884 44 333 860 426 987 438 264 430 332 583 634 362 15 943 314 684 743 130 441 507 969 183 397
371 202 746 582 142 617 643 488 142 797 422 314 464 536 692 758 539 964 194 875 210 781 841 839 206 399 350 984 72 865 843 565 117 507 285 600 746 316 519 735 906 967 759 147 614 846 607 977 292 839 783 623 908 406 225 1 599 164 837 93 512 175 534 892 135 418 109 914 236 710 861 783 145 72 438 727 427 221 694 343 146 244 517 873
207 219 855 642 230 213 719 506 44 818 226 827 202 727 570 733 875 127 109 418 234 946 157 926 712 662 681 401 733 475 859 584 884 83 243 488 716 34 492 461 67 106 102 474 270 2 780 769 719 128 79 6 422 732 675 119 68 560 975 743 324 677 411 451 42 487 581 852 240 659 181 470 846 47 866 985 930 428 292 470 81 664 339 804
901 351 119 651 352 539 738 152 599 769 836 675 738 77 45 166 699 433 248 15 365 578 366 703 719 428 880 788 833 848 673 724 966 338 683 370 443 615 577 998 111 215 862 960 587 967 260 982 556 11 382 543 399 330 202 558 972 42 761 410 334 790 314 725 322 469 622 396 14 501 548 767 588 559 584 978 230 197 296 507 524 361 176 773
517 328 654 596 274 783 144 761 737 460 172 656 848 601 328 281 760 68 692 68 397 890 932 673 331 734 978 766 115 460 52 162 6 59 986 986 545 314 139 537 217 290 680 22 529 900 257 617 98 653 727 629 547 607 897 188 809 474 811 903 88 899 732 670 715 939 678 16 880 539 924 866 207 638 951 909 61 81 929 963 540 982 126 530
453 655 71 709 377 473 745 718 4 46 70 457 283 544 891 557 16 907 505 684 931 794 311 526 707 933 232 152 85 249 273 738 172 521 647 386 770 484 718 363 134 814 988 490 71 147 535 907 328 249 724 126 868 742 770 200 443 258 886 216 758 806 305 343 168 541 879 339 213 953 649 806 391 426 469 938 766 179 435 944 368 869 252 602
291 88 623 613 118 935 676 227 606 931 804 15 312 59 624 730 257 491 601 974 326 418 864 706 314 536 168 901 562 152 129 718 727 442 774 99 988 156 984 688 702 602 804 315 348 732 802 686 943 863 160 844 364 639 591 200 144 507 757 666 740 561 458 355 497 803 950 811 948 658 795 145 909 955 319 691 429 63 702 70 335 71 589 512
641 711 433 332 250 75 441 479 374 568 409 664 944 100 721 325 535 256 390 876 580 52 47 406 115 564 674 251 56 506 136 730 628 109 470 752 416 920 910 931 113 261 285 463 901 956 478 801 461 774 183 130 859 423 667 918 837 60 672 333 683 257 497 834 974 542 150 306 377 115 67 503 709 737 918 606 759 155 757 750 77 117 120 195
681 220 842 961 740 686 710 924 655 803 584 47 966 108 217 419 734 963 263 259 89 403 277 223 935 945 310 573 839 500 48 22 238 593 382 696 536 890 406 599 597 856 989 714 69 142 552 948 39 624 372 687 357 980 392 872 101 199 873 559 684 683 110 141 212 320 614 403 880 665 975 208 460 288 824 995 618 829 329 482 403 26 873 323
187 730 360 153 184 20 630 810 884 739 516 278 376 104 546 177 68 314 928 797 221 900 113 242 822 359 93 656 962 954 70 895 729 1000 181 868 441 673 214 86 350 283 377 898 229 114 170 308 805 685 683 223 112 651 865 855 369 542 452 300 573 655 643 178 7 907 848 319 615 348 239 269 475 243 797 969 57 444 926 130 667 706 647 6
388 734 766 425 746 426 615 752 956 306 256 373 918 653 23 852 707 168 538 589 450 859 320 962 172 585 470 636 173 314 668 473 329 195 25 594 921 905 84 82 14 10 325 496 301 213 668 473 276 178 624 631 412 148 250 319 143 254 906 170 180 292 586 922 240 84 763 888 967 189 269 635 748 799 411 451 333 643 805 998 139 124 991 867
672 741 491 982 98 797 555 964 487 201 377 615 217 73 82 492 364 494 104 722 645 865 824 798 670 776 596 445 135 141 585 657 879 975 315 400 884 21 951 833 535 680 849 89 843 64 768 637 231 882 895 161 218 633 93 144 535 59 263 101 130 365 333 409 625 105 58 221 678 662 847 251 404 681 411 616 263 587 356 981 865 195 9 966
235 150 427 522 865 644 328 221 9 788 74 490 141 859 120 669 911 617 444 504 581 164 997 972 109 169 61 530 434 352 414 194 791 160 784 780 699 603 982 566 454 867 938 550 300 45 38 96 504 245 156 305 194 170 448 900 572 427 85 413 513 50 677 405 702 872 38 190 254 713 409 400 865 986 428 427 613 784 874 965 704 66 385 182
548 50 901 882 332 744 75 574 86 832 664 591 578 117 579 608 618 365 465 187 737 455 568 10 537 507 597 869 248 761 442 86 283 468 858 436 630 128 127 917 10 482 374 784 48 191 177 10 822 496 766 430 287 516 830 378 863 654 936 744 664 241 390 19 982 633 353 515 194 52 89 394 549 168 335 983 539 319 423 491 234 817 832 371
523 336 134 893 560 50 753 190 967 274 975 403 406 528 552 110 311 610 721 612 142 299 211 461 961 652 516 500 935 888 943 448 708 12 848 337 772 990 514 79 501 861 692 15 883 753 457 183 990 669 767 997 102 594 731 458 786 502 410 141 109 45 51 142 666 334 860 383 978 618 442 554 868 696 717 751 220 149 898 196 566 946 955 627
380 622 453 950 207 645 40 334 347 937 636 900 478 489 202 751 139 391 201 960 385 102 442 322 329 171 773 583 632 859 925 470 105 726 538 185 512 18 22 422 650 523 11 676 712 890 658 585 14 308 446 145 239 92 475 402 763 515 345 814 36 519 302 312 45 794 978 610 708 484 956 799 425 539 854 156 263 347 460 381 612 145 739 693
796 916 872 709 250 726 174 793 417 966 692 592 607 26 598 947 827 836 354 815 185 802 678 766 284 363 289 218 276 294 167 460 520 677 905 84 925 658 956 466 439 169 152 333 71 935 284 418 463 793 481 335 386 439 60 432 183 602 807 369 759 388 954 501 364 711 598 791 261 946 451 976 23 255 651 216 431 344 62 448 461 539 583 183
123 123 174 51 159 425 128 386 988 138 388 146 536 515 351 374 209 531 715 274 881 280 443 505 780 853 250 732 160 882 821 230 133 836 798 558 668 887 578 245 228 105 589 457 571 744 853 336 826 439 708 745 748 533 466 352 393 911 538 472 222 95 571 238 791 572 3 91 959 436 703 42 223 319 510 235 725 751 470 231 807 933 686 509
617 693 567 28 876 972 141 66 567 145 962 621 881 706 228 288 536 217 726 688 820 199 469 15 816 118 788 497 258 429 738 493 504 832 649 623 85 575 179 955 372 624 32 380 597 855 747 294 462 69 622 520 508 398 83 607 146 751 837 695 456 816 318 59 216 791 994 183 677 333 67 779 837 357 575 99 1 482 663 453 754 760 817 458
182 422 336 785 579 90 867 273 19 61 947 69 585 265 633 37 19 336 823 682 953 559 61 554 101 59 144 917 291 682 414 542 147 550 509 62 468 429 108 262 811 444 210 660 700 646 814 169 121 823 294 80 505 678 180 568 242 674 262 37 906 996 37 700 346 910 784 454 492 530 242 816 727 558 825 400 441 22 465 682 92 43 928 356
228 787 603 622 480 656 849 671 990 485 222 212 132 871 339 713 285 848 628 973 144 538 578 433 175 178 266 802 758 19 701 631 955 653 450 548 974 180 337 641 192 94 489 709 497 416 21 95 804 232 378 126 310 64 548 335 831 521 809 335 815 391 262 761 773 740 520 66 292 967 294 44 184 766 806 480 72 305 205 591 499 457 51 787
111 129 718 417 360 924 206 746 831 575 785 642 259 440 367 248 412 48 585 480 429 69 357 397 665 842 405 699 378 763 425 587 846 804 602 32 203 954 713 619 549 764 815 602 549 538 758 518 715 231 136 980 648 267 775 452 957 412 660 113 705 551 955 280 985 169 615 964 360 571 106 353 121 765 192 472 34 817 141 419 460 636 12 154
816 553 210 756 268 175 146 569 998 915 617 736 337 153 165 573 86 199 842 6 572 394 125 893 667 150 413 920 309 1000 342 504 238 46 423 79 94 137 871 773 572 345 764 180 653 690 332 347 661 655 823 520 334 780 884 634 351 176 756 269 334 762 84 879 705 562 999 235 337 316 371 164 993 793 802 188 326 335 492 885 159 986 475 888
246 362 879 572 319 159 963 906 248 746 32 791 266 78 128 465 240 575 86 221 157 138 284 760 155 645 85 452 137 864 364 62 789 892 276 486 826 827 114 87 171 553 576 23 529 497 292 825 521 787 520 857 146 420 514 479 45 494 455 817 718 426 44 274 850 899 149 959 617 301 970 955 94 326 942 97 589 187 649 562 4 902 9 488
901 375 709 515 611 833 474 249 275 735 49 179 190 758 865 6 764 164 273 775 186 289 417 803 102 373 809 206 155 186 721 802 321 900 835 226 574 622 846 295 443 15 829 19 744 621 392 452 290 392 680 163 254 442 424 366 982 814 363 475 843 447 657 222 627 354 78 253 830 670 412 162 644 954 119 152 89 953 529 321 547 962 600 623
515 866 917 818 162 590 351 906 351 35 415 374 766 257 300 196 378 328 74 865 862 865 31 363 209 760 910 141 912 937 656 779 57 185 983 623 605 781 28 155 364 153 428 688 8 290 583 934 931 492 34 157 34 60 429 716 191 365 766 176 249 381 151 71 143 565 6 284 525 396 636 302 677 238 961 261 113 596 990 773 304 603 626 758
656 705 393 698 603 397 393 425 213 519 375 130 677 256 970 275 930 835 558 474 792 347 109 765 866 711 32 367 954 948 252 892 247 970 219 383 583 34 455 161 485 734 63 405 436 281 459 802 621 192 466 689 549 777 335 303 843 171 439 493 280 823 142 286 120 646 115 497 440 531 913 624 769 338 167 232 908 744 122 346 886 261 945 617
965 208 633 253 643 601 618 279 787 373 666 870 74 989 577 121 433 152 861 790 792 875 855 299 148 294 973 355 804 993 561 979 232 558 130 725 355 857 497 972 155 981 183 610 934 416 245 919 384 242 156 139 306 282 511 181 925 122 557 780 479 36 563 687 645 597 17 32 394 489 148 710 703 415 725 211 84 38 743 211 61 224 326 654
88 886 199 40 878 501 90 543 273 199 719 700 909 332 320 62 129 675 395 979 160 452 620 345 627 128 680 436 641 531 196 56 938 16 735 458 56 477 781 602 335 985 710 636 903 924 662 135 792 822 46 388 357 411 28 419 763 420 574 619 940 441 652 265 143 158 847 300 379 412 972 582 76 826 430 997 612 236 499 74 798 498 285 897
607 460 709 883 646 276 467 673 877 244 952 9 88 427 551 158 710 746 377 451 230 315 993 336 964 516 119 208 659 432 353 122 21 543 255 383 985 56 541 627 853 76 950 984 876 700 239 135 17 461 699 840 717 507 725 397 758 20 410 65 608 815 400 262 960 149 858 72 519 974 270 868 603 615 264 854 404 483 56 761 446 551 81 887
786 618 172 739 202 85 557 749 437 232 795 639 351 845 6 606 237 248 268 435 272 319 949 786 824 207 360 682 778 391 429 998 477 25 324 812 145 590 110 260 193 497 355 691 299 743 323 609 158 718 137 415 179 723 821 221 311 768 961 899 440 598 782 318 549 567 391 414 75 192 222 174 949 52 646 979 852 500 498 208 856 918 460 89
517 676 64 567 370 687 881 532 30 867 476 959 91 244 796 2 655 161 110 730 801 569 150 951 857 851 281 805 627 82 501 321 118 569 925 200 688 483 362 53 20 206 447 769 910 753 411 616 190 547 52 745 868 574 98 870 411 77 25 230 96 601 740 559 757 338 22 535 49 68 90 53 523 168 231 404 607 717 92 648 856 174 234 699
294 133 401 426 713 1000 451 588 607 564 641 675 315 999 266 190 959 515 203 549 827 847 196 183 342 152 375 913 771 944 598 112 248 629 957 121 836 758 342 254 295 986 580 124 79 345 706 51 16 358 356 838 859 422 542 699 762 306 780 276 394 843 458 472 922 447 109 884 563 798 777 38 857 811 453 483 514 247 684 511 772 296 117 637
187 610 533 48 771 820 275 26 659 863 724 538 531 130 417 459 15 345 742 554 709 375 836 216 187 354 377 394 572 486 502 21 789 677 33 62 602 29 812 265 839 74 374 39 316 150 889 710 488 470 748 620 825 15 521 371 611 161 97 564 784 714 511 181 278 966 42 308 207 966 23 289 845 862 751 439 540 907 285 924 453 253 442 18
440 922 980 652 401 404 917 388 335 459 128 660 681 829 553 860 97 53 525 676 302 618 727 474 724 730 509 438 719 391 770 108 576 288 974 346 351 203 579 435 641 434 17 659 660 235 460 756 41 180 612 424 937 119 78 80 948 642 217 476 805 819 275 148 978 698 637 631 890 919 820 545 376 973 58 426 519 159 493 309 830 627 101 886
119 380 108 464 779 60 49 918 336 321 101 968 485 663 626 33 860 759 817 526 537 343 579 169 739 889 442 31 281 904 185 534 391 729 489 340 577 399 557 460 111 457 456 834 425 855 278 201 741 939 969 226 847 269 661 376 440 794 165 242 234 149 111 192 938 342 957 618 727 163 46 454 803 868 149 280 384 947 144 670 420 524 115 156
816 409 294 190 845 17 421 693 552 730 270 804 816 636 384 251 869 856 730 67 491 969 50 811 504 466 991 562 658 120 625 406 748 42 223 644 659 14 265 641 892 637 272 969 24 642 402 391 434 143 579 892 432 25 168 970 417 404 573 115 391 882 698 262 436 448 641 355 153 322 51 382 165 96 708 873 203 400 316 461 111 615 775 873
754 538 39 967 84 682 785 994 194 503 902 981 1000 300 418 56 544 483 802 876 772 722 385 282 328 799 420 854 148 24 184 538 456 398 568 352 416 379 811 143 283 529 100 859 279 965 180 606 455 892 302 891 208 596 793 157 624 734 684 235 511 587 652 70 251 733 721 574 655 807 746 698 51 279 294 159 138 203 230 516 615 714 471 395
690 189 171 273 882 949 834 234 499 911 709 239 954 749 604 121 526 134 672 611 994 850 779 651 768 774 391 345 928 199 293 627 225 437 671 528 71 197 272 987 894 68 634 235 558 968 79 985 551 761 116 489 783 953 220 69 82 295 97 78 705 370 584 564 846 668 429 704 567 845 388 600 505 58 155 299 390 454 916 358 42 247 55 526
267 308 807 422 15 614 603 515 899 332 760 150 609 675 565 706 153 501 480 215 163 42 679 327 27 813 946 471 799 849 983 800 629 947 637 454 832 737 541 648 333 731 301 833 825 177 880 254 949 622 907 410 261 107 136 335 845 735 296 757 645 982 773 743 230 751 102 876 749 834 295 748 776 993 56 333 367 55 156 260 325 439 629 567
142 38 597 922 699 451 1000 920 964 990 585 677 606 71 195 674 309 536 697 281 99 158 935 337 826 115 858 684 446 32 133 503 15 546 654 345 782 970 385 864 629 681 724 41 164 643 506 798 545 404 795 525 119 40 683 502 123 863 666 909 963 490 581 73 39 503 580 212 229 915 611 69 304 256 780 90 952 980 156 473 48 388 853 649
756 465 645 524 433 731 13 904 90 979 660 103 167 245 93 251 49 918 670 142 676 842 722 505 428 137 170 123 131 906 583 941 105 641 996 299 421 78 9 525 523 214 658 383 143 269 898 774 889 155 690 804 690 31 39 550 453 714 635 212 433 534 146 40 670 550 743 995 78 191 216 212 295 216 696 746 966 230 915 285 574 651 327 903
313 808 666 145 534 160 702 635 851 311 220 476 61 186 728 515 886 521 177 293 614 555 260 760 893 248 513 567 567 973 606 631 74 388 986 793 812 698 893 866 537 901 630 127 59 157 390 733 114 745 651 215 327 110 367 193 507 604 274 597 973 466 381 844 220 843 601 352 610 96 23 39 666 968 953 994 627 613 1000 559 292 401 80 547
459 73 401 852 113 273 232 167 536 552 805 437 328 246 326 332 118 203 44 331 974 33 443 197 827 716 664 338 740 793 887 978 137 181 347 747 574 623 401 957 175 201 935 276 462 291 192 366 936 641 971 118 686 847 342 976 131 241 549 453 265 311 944 545 666 481 19 924 243 23 479 766 451 461 121 959 941 141 449 134 305 653 118 815
50 322 105 922 420 741 959 26 4 349 875 643 989 565 531 632 264 928 913 748 795 618 549 127 413 881 256 43 873 948 700 808 105 298 635 284 750 311 494 143 581 690 448 87 459 106 129 391 572 562 62 941 584 346 1 852 784 761 293 15 695 88 462 215 148 312 286 359 512 127 354 397 643 47 183 508 299 783 127 920 592 6 808 738
297 325 95 245 675 724 688 392 932 944 50 893 35 292 393 632 274 909 803 884 630 594 816 659 679 124 899 749 539 339 174 651 823 545 277 620 809 411 250 871 224 932 105 738 573 396 740 178 550 154 242 436 471 669 763 948 868 202 959 836 422 497 704 312 994 312 597 559 624 84 769 36 9 13 939 77 434 178 327 652 417 973 365 853
422 536 192 599 316 864 882 414 736 648 622 704 209 473 166 383 888 241 22 286 210 226 161 512 475 117 138 901 902 486 701 974 458 618 952 491 343 574 540 683 770 889 368 468 349 189 696 380 90 538 697 215 849 620 977 145 648 158 301 822 203 126 147 840 348 35 105 626 212 36 941 883 67 707 830 828 629 699 499 877 510 325 467 461
359 857 892 49 624 635 232 199 88 868 661 995 652 371 932 818 524 803 925 453 732 55 648 360 210 483 183 172 219 348 986 321 579 379 315 32 636 582 28 472 806 536 269 487 417 835 930 76 591 202 164 339 125 43 375 64 355 637 724 527 546 815 592 675 221 402 181 174 940 727 463 897 709 731 129 100 19 98 41 456 828 642 626 219
93 250 545 756 273 34 162 479 74 92 835 827 711 756 25 290 278 189 66 617 556 828 467 353 787 760 427 669 59 74 415 278 813 641 911 139 43 857 673 300 948 13 717 128 271 515 753 166 189 552 814 129 748 819 338 272 377 814 463 781 286 226 699 667 948 114 674 38 154 835 194 998 567 34 757 124 373 366 564 88 999 560 665 586
860 705 862 847 700 251 740 742 610 442 15 580 723 28 16 629 966 542 563 84 356 609 851 637 826 238 26 849 525 886 725 721 341 565 294 343 461 919 532 89 313 307 657 407 313 135 35 976 14 28 149 807 763 284 182 452 78 674 3 976 910 665 384 393 46 255 188 991 83 898 862 14 315 20 595 45 759 651 114 726 243 725 457 152
491 370 80 633 288 226 958 503 251 657 948 809 472 711 695 529 551 661 434 293 944 789 323 894 821 953 12 185 236 839 53 605 804 572 392 435 720 526 494 660 971 854 704 600 523 182 799 195 408 143 704 821 167 135 707 322 514 577 11 7 450 124 571 622 456 753 646 164 280 519 736 953 751 873 155 215 742 691 85 966 151 441 272 152
592 657 673 201 950 289 838 201 748 644 778 933 756 241 818 314 45 924 645 156 294 330 719 990 850 575 431 18 836 578 258 652 4 731 751 906 427 251 901 663 171 5 505 1000 739 292 637 430 970 542 549 478 561 463 99 613 670 248 622 335 542 274 462 578 59 46 300 550 566 318 128 641 399 665 882 256 531 555 509 712 181 715 376 166
840 210 143 891 203 905 970 101 374 409 901 306 820 368 512 214 786 739 591 38 983 87 940 405 212 909 59 480 678 334 583 670 602 202 451 754 88 47 388 771 459 560 341 99 992 244 178 15 453 993 882 807 652 48 239 887 423 626 359 405 638 364 992 476 183 463 303 784 142 492 386 2 182 462 927 39 454 759 924 508 31 720 273 556
773 403 707 878 828 907 234 512 109 319 797 273 641 482 964 614 517 367 542 723 718 547 860 628 191 851 669 52 473 720 484 549 587 784 104 521 114 415 186 714 546 486 716 21 821 674 912 532 844 576 30 363 500 944 714 187 131 231 237 438 987 258 219 330 45 135 790 2 994 206 169 808 582 769 839 648 830 616 76 945 323 336 628 557
520 404 587 924 305 156 981 499 108 989 399 635 668 481 653 471 667 33 885 181 184 312 84 353 562 810 832 615 868 709 174 976 489 679 253 702 457 192 619 35 93 33 158 783 455 853 485 817 894 343 720 104 265 108 973 537 705 227 541 420 492 770 342 491 447 378 706 667 900 757 704 814 757 439 778 215 975 132 374 431 458 744 505 664
144 925 321 641 668 224 9 897 622 132 403 247 156 108 689 921 658 507 620 411 405 878 361 259 276 972 777 443 400 773 591 910 14 377 312 303 419 626 262 862 623 29 461 124 701 869 90 617 858 945 584 836 900 790 621 59 973 112 444 483 320 893 476 170 475 322 194 203 949 650 770 91 202 932 452 970 893 589 781 563 573 119 642 367
595 240 20 182 163 61 729 384 769 496 407 428 766 999 351 455 507 208 759 175 237 394 680 672 98 893 385 687 746 853 444 21 170 451 8 550 509 413 350 786 164 206 80 788 536 353 695 209 132 906 364 827 248 46 209 319 940 564 440 500 194 820 468 550 256 647 712 665 620 302 557 529 104 736 407 473 72 247 738 587 121 514 705 648
165 296 775 736 604 851 698 403 445 467 28 441 813 677 476 688 511 411 500 188 518 797 980 292 71 249 592 443 561 727 349 819 321 96 642 553 226 625 893 149 130 322 499 456 291 316 859 363 71 729 93 613 357 262 911 477 636 543 969 673 797 938 618 951 695 479 442 66 37 990 210 912 522 689 160 321 463 804 871 858 596 330 151 618
830 930 225 308 744 858 877 375 965 466 975 699 132 20 872 845 757 442 281 148 836 953 285 501 292 309 503 388 21 294 554 524 936 761 696 257 546 697 925 380 688 23 636 374 659 839 226 728 364 710 490 739 393 41 817 732 600 624 195 594 459 547 478 155 396 179 245 75 299 644 319 23 919 321 34 409 938 905 633 989 159 377 902 683
920 658 996 949 931 308 604 932 125 563 234 535 26 769 313 476 971 596 101 145 329 929 47 356 809 425 54 706 401 27 259 566 322 123 126 130 622 10 832 282 180 821 968 727 129 42 554 218 865 224 141 322 151 646 772 351 449 223 279 159 440 637 595 858 606 764 879 217 265 608 200 572 655 186 888 764 266 206 538 718 998 48 377 97
872 433 753 418 746 132 470 366 116 342 84 383 725 221 759 123 11 680 12 922 991 760 32 414 556 630 583 743 953 829 879 824 5 176 519 468 459 63 82 846 758 278 888 623 503 447 870 32 500 194 253 499 267 729 809 949 376 145 459 415 795 710 17 749 86 693 44 998 989 472 402 158 558 670 150 872 403 705 613 632 398 44 353 896
972 589 691 145 125 439 381 508 692 307 758 697 442 728 753 393 911 128 856 759 891 509 925 84 834 36 754 579 927 592 266 289 466 147 215 745 228 737 316 616 218 621 902 692 889 487 287 386 906 342 163 681 694 411 791 561 539 94 126 32 799 590 622 742 52 219 819 767 133 581 610 753 360 890 81 262 804 804 37 836 829 506 875 924
694 921 467 728 439 9 930 120 751 252 735 902 907 469 704 657 311 286 430 519 204 205 527 439 819 975 538 486 713 788 144 687 108 46 193 592 629 757 660 243 310 956 668 75 614 106 207 440 491 17 320 868 551 427 536 454 822 990 848 431 926 669 490 980 712 722 657 355 310 392 182 537 262 6 164 915 630 881 958 804 960 712 576 174
304 502 4 812 259 699 702 120 547 708 193 241 769 509 459 495 858 980 422 874 948 632 489 431 586 626 727 244 495 394 174 863 544 149 427 289 837 485 284 889 993 706 669 719 567 968 719 685 288 665 678 629 666 764 282 519 755 949 577 457 663 320 74 13 222 936 597 93 514 821 530 194 623 846 703 93 955 50 5 181 24 365 541 379
576 489 703 427 817 539 172 876 57 904 453 824 467 672 210 472 810 410 56 74 438 320 69 85 37 635 333 591 364 618 203 508 21 592 360 290 323 92 7 971 292 28 165 850 279 12 955 873 734 348 694 995 845 632 216 846 404 300 936 179 777 199 456 832 442 783 77 597 2 686 180 647 9 196 587 530 833 693 190 786 86 963 492 467
357 599 889 567 745 548 492 24 378 733 155 207 767 705 358 188 221 643 850 615 336 143 472 887 177 689 573 665 689 208 714 195 430 580 430 945 699 44 667 631 149 619 526 456 947 155 459 559 989 594 9 21 728 997 858 834 768 826 822 935 392 266 72 931 391 15 17 876 467 914 339 320 786 801 89 141 958 399 85 790 489 252 17 511
130 582 699 403 470 240 563 59 299 178 494 82 744 353 656 759 273 680 302 67 322 839 730 324 802 92 618 81 242 103 66 774 277 651 697 746 786 73 178 703 304 518 125 178 867 889 421 500 596 558 866 200 733 302 402 806 36 354 195 287 247 485 645 698 930 882 470 598 629 319 421 801 330 184 323 97 541 695 287 505 709 690 25 166
330 301 657 890 175 466 401 313 609 974 608 139 104 654 385 121 15 745 411 26 551 304 130 840 961 691 990 151 907 686 218 766 905 29 879 850 56 403 266 487 304 761 644 760 840 500 489 289 439 968 564 18 704 468 568 527 188 38 633 782 975 9 404 921 588 220 285 996 778 301 808 257 251 582 274 426 970 118 584 735 965 611 128 689
244 126 647 398 465 512 922 318 256 124 921 204 913 692 689 306 459 225 722 886 779 413 616 737 581 203 149 907 370 378 719 687 188 726 285 276 670 895 624 574 119 118 392 10 360 269 205 98 243 702 455 296 551 383 856 797 554 540 112 676 766 749 249 627 807 570 156 178 323 53 107 944 187 79 353 386 514 853 847 820 299 884 137 525
712 627 776 982 24 912 153 268 976 53 766 166 934 964 379 169 354 161 571 482 877 183 324 963 598 430 393 266 587 924 111 966 205 289 994 868 152 263 864 721 929 161 614 160 120 603 522 198 328 171 281 53 93 375 273 262 13 223 522 658 786 828 937 363 223 666 189 766 657 697 357 36 728 954 969 969 478 112 369 340 223 116 635 953
298 222 385 155 799 73 441 494 673 839 623 884 62 524 176 797 212 783 656 493 582 158 375 457 144 810 920 786 655 571 562 53 213 221 58 170 171 363 496 468 975 122 929 744 121 250 837 977 817 480 2 27 411 583 441 687 741 177 391 847 416 425 359 123 349 98 141 650 914 253 326 85 749 471 759 816 49 465 347 898 495 445 617 464
238 509 373 301 453 157 446 188 633 340 920 737 707 207 235 597 59 216 939 280 539 677 537 324 293 411 18 352 758 796 943 442 495 367 445 833 490 87 733 361 146 830 438 440 614 364 82 593 975 570 407 263 680 924 367 148 14 335 226 402 679 511 330 26 256 61 527 628 546 766 580 270 668 183 242 512 351 775 179 111 438 878 634 208
300 93 337 984 11 334 947 545 586 566 883 96 534 343 861 997 877 387 300 939 551 997 419 504 525 882 239 743 863 545 124 100 248 455 448 648 189 278 989 86 830 327 691 420 684 509 445 758 996 836 419 511 322 186 728 938 2 517 653 433 378 525 981 819 932 283 986 379 163 354 224 294 788 92 217 654 232 936 185 693 438 699 378 483
382 205 227 300 667 206 564 780 912 313 606 53 783 703 385 466 886 287 893 412 860 620 980 269 114 240 280 91 532 720 138 8 770 823 35 887 202 871 798 433 105 717 533 457 258 77 827 853 22 119 298 719 469 64 414 162 907 419 298 512 94 569 105 51 471 351 640 427 7 432 162 696 4 626 59 961 69 157 410 604 338 201 576 694
295 271 398 581 826 483 103 716 731 384 369 239 572 413 362 920 577 431 376 529 762 935 921 691 719 389 516 366 243 197 232 90 347 17 796 358 265 983 695 967 844 925 769 547 338 714 353 101 361 110 448 940 939 620 845 48 968 687 907 445 88 548 64 627 585 239 456 212 717 320 138 264 320 182 56 70 673 196 597 212 903 636 530 592
270 970 697 400 369 818 862 727 98 5 10 297 296 103 138 753 857 900 792 648 608 773 504 257 352 422 678 691 698 874 758 271 131 48 171 618 498 551 109 757 904 168 765 291 25 172 586 171 762 982 153 823 412 313 296 980 328 493 476 19 802 78 252 343 771 534 29 80 418 45 823 663 243 878 696 75 571 163 528 547 387 595 549 301
691 43 600 391 728 291 7 644 64 738 812 833 614 581 630 896 754 388 630 693 331 821 933 615 759 30 836 313 90 85 372 562 197 898 32 65 17 775 351 749 820 966 686 117 723 188 934 915 385 365 673 214 951 232 739 312 741 348 671 789 407 107 847 821 707 510 192 468 602 681 421 560 429 105 643 922 803 667 965 721 984 686 240 483